=======
Prepend
=======
          |---------------Vector-------------|   |-----------------List-------------|
   Size        Time  Creates   Copies Destroys        Time  Creates   Copies Destroys
  5,000       76 ms    5,000    9,999    9,999        0 ms    5,000    5,000    5,000
 10,000      273 ms   10,000   19,999   19,999        1 ms   10,000   10,000   10,000
 15,000      625 ms   15,000   29,999   29,999        1 ms   15,000   15,000   15,000
 20,000    1,073 ms   20,000   39,999   39,999        2 ms   20,000   20,000   20,000
 25,000    1,677 ms   25,000   49,999   49,999        3 ms   25,000   25,000   25,000
 30,000    2,363 ms   30,000   59,999   59,999        3 ms   30,000   30,000   30,000
 35,000    3,271 ms   35,000   69,999   69,999        4 ms   35,000   35,000   35,000
 40,000    4,221 ms   40,000   79,999   79,999        5 ms   40,000   40,000   40,000
 45,000    5,363 ms   45,000   89,999   89,999        5 ms   45,000   45,000   45,000
 50,000    6,701 ms   50,000   99,999   99,999        6 ms   50,000   50,000   50,000

======
Append
======
          |---------------Vector-------------|   |-----------------List-------------|
   Size        Time  Creates   Copies Destroys        Time  Creates   Copies Destroys
  5,000        0 ms    5,000    5,000    5,000        0 ms    5,000    5,000    5,000
 10,000        0 ms   10,000   10,000   10,000        1 ms   10,000   10,000   10,000
 15,000        0 ms   15,000   15,000   15,000        1 ms   15,000   15,000   15,000
 20,000        0 ms   20,000   20,000   20,000        2 ms   20,000   20,000   20,000
 25,000        0 ms   25,000   25,000   25,000        3 ms   25,000   25,000   25,000
 30,000        0 ms   30,000   30,000   30,000        3 ms   30,000   30,000   30,000
 35,000        1 ms   35,000   35,000   35,000        4 ms   35,000   35,000   35,000
 40,000        1 ms   40,000   40,000   40,000        5 ms   40,000   40,000   40,000
 45,000        1 ms   45,000   45,000   45,000        6 ms   45,000   45,000   45,000
 50,000        2 ms   50,000   50,000   50,000        7 ms   50,000   50,000   50,000

===
Get
===
          |---------------Vector-------------|   |-----------------List-------------|
   Size        Time  Creates   Copies Destroys        Time  Creates   Copies Destroys
  5,000        0 ms        0        0        0       92 ms        0        0        0
 10,000        0 ms        0        0        0      190 ms        0        0        0
 15,000        0 ms        0        0        0      269 ms        0        0        0
 20,000        0 ms        0        0        0      369 ms        0        0        0
 25,000        0 ms        0        0        0      445 ms        0        0        0
 30,000        1 ms        0        0        0      540 ms        0        0        0
 35,000        1 ms        0        0        0      649 ms        0        0        0
 40,000        1 ms        0        0        0      767 ms        0        0        0
 45,000        1 ms        0        0        0      831 ms        0        0        0
 50,000        1 ms        0        0        0      925 ms        0        0        0

======
Remove
======
          |---------------Vector-------------|   |-----------------List-------------|
   Size        Time  Creates   Copies Destroys        Time  Creates   Copies Destroys
  5,000       22 ms        0        0    5,000      282 ms        0        0    5,000
 10,000       87 ms        0        0   10,000    1,230 ms        0        0   10,000
 15,000      210 ms        0        0   15,000    2,956 ms        0        0   15,000
 20,000      332 ms        0        0   20,000    5,363 ms        0        0   20,000
 25,000      545 ms        0        0   25,000    8,325 ms        0        0   25,000
 30,000      761 ms        0        0   30,000   12,208 ms        0        0   30,000
 35,000    1,058 ms        0        0   35,000   16,693 ms        0        0   35,000
 40,000    1,363 ms        0        0   40,000   22,203 ms        0        0   40,000
 45,000    1,756 ms        0        0   45,000   28,224 ms        0        0   45,000
 50,000    2,120 ms        0        0   50,000   35,153 ms        0        0   50,000

======
Insert
======
          |---------------Vector-------------|   |-----------------List-------------|
   Size        Time  Creates   Copies Destroys        Time  Creates   Copies Destroys
  5,000      127 ms    5,000    9,994    9,994       87 ms    5,000    5,000    5,000
 10,000      518 ms   10,000   19,991   19,991      387 ms   10,000   10,000   10,000
 15,000    1,175 ms   15,000   29,986   29,986      944 ms   15,000   15,000   15,000
 20,000    2,120 ms   20,000   39,987   39,987    1,762 ms   20,000   20,000   20,000
 25,000    3,352 ms   25,000   49,992   49,992    2,753 ms   25,000   25,000   25,000
 30,000    4,737 ms   30,000   59,983   59,983    4,052 ms   30,000   30,000   30,000
 35,000    6,536 ms   35,000   69,984   69,984    5,754 ms   35,000   35,000   35,000
 40,000    8,445 ms   40,000   79,986   79,986    7,400 ms   40,000   40,000   40,000
 45,000   10,762 ms   45,000   89,988   89,988    9,431 ms   45,000   45,000   45,000
 50,000   13,134 ms   50,000   99,987   99,987   11,936 ms   50,000   50,000   50,000

Done! Total time: 267.288 seconds
